10
10
4
3
2
1
0
0
0
0
10
30
15
10
0|2|2|1|2|1*0|0|0|0~wild
0|2|2|1|2|1*0|0|0|0~wild
0|2|2|1|2|1*0|0|0|0~wild
0|2|2|1|2|1*0|0|0|0~wild
0|2|2|1|2|1*0|0|0|0~wild
0|2|2|1|2|1*0|0|0|0~wild
0|2|2|1|2|1*0|0|0|0~wild
0|2|2|1|2|1*0|0|0|0~wild
1|0|1|2|1|5*0|0|0|0~wild
1|0|1|2|1|5*0|0|0|0~wild
1|0|1|2|1|5*0|0|0|0~wild
1|0|1|2|1|5*0|0|0|0~wild
1|0|1|2|1|5*0|0|0|0~wild
1|0|1|2|1|5*0|0|0|0~wild
1|0|1|2|1|5*0|0|0|0~wild
1|0|1|2|1|5*0|0|0|0~wild
1|0|1|2|1|5*0|0|0|0~wild
1|0|1|2|1|5*0|0|0|0~wild
1|0|1|2|1|5*0|0|0|0~wild
1|0|1|2|1|5*0|0|0|0~wild
1|0|1|2|1|5*0|0|0|0~wild
1|0|1|0|1|2*0|0|0|0~wild
1|0|1|0|1|2*0|0|0|0~wild
1|0|1|0|1|2*0|0|0|0~wild
1|0|1|0|1|2*0|0|0|0~wild
1|0|1|0|1|2*0|0|0|0~wild
1|0|1|0|1|2*0|0|0|0~wild
1|0|1|0|1|2*0|0|0|0~wild
1|0|1|0|1|2*0|0|0|0~wild
1|0|1|0|1|2*0|0|0|0~wild
1|0|1|0|1|2*0|0|0|0~wild
1|0|1|0|1|2*0|0|0|0~wild
1|0|1|0|1|2*0|0|0|0~wild
1|0|1|0|1|2*0|0|0|0~wild
1|0|1|0|1|2*0|0|0|0~wild
1|0|1|0|1|2*0|0|0|0~wild
1|0|1|0|1|2*0|0|0|0~wild
1|0|1|0|1|2*0|0|0|0~wild
1|0|1|0|1|2*0|0|0|0~wild
1|2|2|1|2|4*0|0|0|0~wild
1|2|2|1|2|4*0|0|0|0~wild
1|2|2|1|2|4*0|0|0|0~wild
1|2|2|1|2|4*0|0|0|0~wild
1|2|2|1|2|4*0|0|0|0~wild
1|2|2|1|2|4*0|0|0|0~police
1|2|2|1|2|4*0|0|0|0~farm
1|2|2|1|2|4*0|0|0|0~wild
1|2|2|1|2|4*0|0|0|0~wild
1|2|2|1|2|4*0|0|0|0~wild
1|2|2|1|2|4*0|0|0|0~wild
1|2|2|1|2|4*0|0|0|0~wild
1|2|2|1|2|4*0|0|0|0~wild
1|2|2|1|2|4*0|0|0|0~wild
1|2|2|1|2|4*0|0|0|0~wild
2|0|0|2|1|3*0|0|0|0~residence
2|0|0|2|1|3*0|0|0|0~farm
2|0|0|2|1|3*0|0|0|0~wild
2|0|0|2|1|3*0|0|0|0~wild
2|0|0|2|1|3*0|0|0|0~wild
2|0|0|2|1|3*0|0|0|0~wild
2|0|0|2|1|3*0|0|0|0~wild
2|0|0|2|1|3*0|0|0|0~wild
2|0|0|2|1|3*0|0|0|0~wild
2|0|0|2|1|3*0|0|0|0~wild
6|2|2|1|2|5*3|15|0|0~police
2|0|0|2|1|3*0|0|0|0~wild
2|0|0|2|1|3*0|0|0|0~wild
2|0|0|2|1|3*0|0|0|0~wild
2|0|0|2|1|3*0|0|0|0~wild
2|0|0|2|1|3*0|0|0|0~wild
2|0|0|2|1|3*0|0|0|0~wild
2|0|0|2|1|3*0|0|0|0~wild
2|2|1|0|2|5*0|0|0|0~wild
2|2|1|0|2|5*0|0|0|0~wild
2|2|1|0|2|5*0|0|0|0~wild
2|2|1|0|2|5*0|0|0|0~wild
2|2|1|0|2|5*0|0|0|0~wild
2|2|1|0|2|5*0|0|0|0~wild
2|2|1|0|2|5*0|0|0|0~wild
2|2|1|0|2|5*0|0|0|0~wild
2|2|1|0|2|5*0|0|0|0~wild
2|2|1|0|2|5*0|0|0|0~wild
2|2|1|0|2|5*0|0|0|0~wild
2|2|1|0|2|5*0|0|0|0~wild
2|2|1|0|2|5*0|0|0|0~wild
2|2|1|0|2|5*0|0|0|0~wild
2|2|1|0|2|5*0|0|0|0~wild
2|2|1|0|2|5*0|0|0|0~wild
2|2|1|0|2|5*0|0|0|0~wild
2|2|1|0|2|5*0|0|0|0~wild
2|2|1|0|2|5*0|0|0|0~wild
2|2|1|0|2|5*0|0|0|0~wild
2|2|1|0|2|5*0|0|0|0~wild
2|2|1|0|2|5*0|0|0|0~wild
1|1|1|1|0|2*0|0|0|0~wild
1|1|1|1|0|2*0|0|0|0~wild
1|1|1|1|0|2*0|0|0|0~wild
1|1|1|1|0|2*0|0|0|0~wild
1|1|1|1|0|2*0|0|0|0~wild
1|1|1|1|0|2*0|0|0|0~wild
